# Fix print output for fix extra
pe = -172868.69476496436982
pe = -172868.69748344630352
